Slice [0,0,0,0]:
1.790800094604492188e-01 0.000000000000000000e+00
1.922591179609298706e-01 6.178855299949645996e-01
1.575993746519088745e-01 4.213593602180480957e-01

Slice [0,1,0,0]:
1.159524247050285339e-01 5.320367813110351562e-01
2.017325758934020996e-01 0.000000000000000000e+00
1.843898296356201172e-01 5.657215118408203125e-01

Slice [0,2,0,0]:
3.401596248149871826e-01 3.950313329696655273e-01
2.059936076402664185e-01 5.479631423950195312e-01
1.734844297170639038e-01 3.547991812229156494e-01

Slice [0,3,0,0]:
7.375507056713104248e-02 5.654906034469604492e-01
1.369247585535049438e-01 4.137710928916931152e-01
1.762171685695648193e-01 6.058177947998046875e-01

Slice [0,4,0,0]:
1.816764622926712036e-01 4.264671504497528076e-01
1.731189489364624023e-01 5.379167199134826660e-01
2.188778370618820190e-01 5.008219480514526367e-01

